image: map.pgm
resolution: 0.010000
origin: [-11.240000, -12.200000, 0.000000]
negate: 0
occupied_thresh: 0.65
free_thresh: 0.196

